# Blender v2.79 (sub 0) OBJ File: 'boxes.blend'
# www.blender.org
mtllib boxes.mtl
o Cube.003_Cube.002
v -0.470503 -0.400523 -0.426327
v -0.470503 0.257572 -0.256440
v -0.152288 -0.367221 -0.555330
v -0.152288 0.290874 -0.385442
v -0.337271 -0.480063 -0.118213
v -0.337271 0.178032 0.051674
v -0.019056 -0.446761 -0.247216
v -0.019056 0.211334 -0.077328
vn -0.3862 0.2306 -0.8931
vn 0.9224 0.0965 -0.3739
vn 0.3862 -0.2306 0.8931
vn -0.9224 -0.0965 0.3739
vn -0.0000 -0.9683 -0.2500
vn 0.0000 0.9683 0.2500
usemtl White
s off
f 2//1 3//1 1//1
f 4//2 7//2 3//2
f 8//3 5//3 7//3
f 6//4 1//4 5//4
f 7//5 1//5 3//5
f 8//6 2//6 6//6
f 2//1 4//1 3//1
f 4//2 8//2 7//2
f 8//3 6//3 5//3
f 6//4 2//4 1//4
f 7//5 5//5 1//5
f 8//6 4//6 2//6
o Cube.002_Cube
v -0.034014 -0.558048 0.183875
v -0.034014 -0.224018 0.270105
v 0.076056 -0.476324 -0.132697
v 0.076056 -0.142294 -0.046467
v 0.292936 -0.585560 0.290451
v 0.292936 -0.251530 0.376681
v 0.403006 -0.503837 -0.026121
v 0.403006 -0.169807 0.060109
vn -0.9477 0.0798 -0.3089
vn 0.3191 0.2369 -0.9177
vn 0.9477 -0.0798 0.3089
vn -0.3191 -0.2369 0.9177
vn -0.0000 -0.9683 -0.2500
vn 0.0000 0.9683 0.2500
usemtl White
s off
f 10//7 11//7 9//7
f 12//8 15//8 11//8
f 16//9 13//9 15//9
f 14//10 9//10 13//10
f 11//11 13//11 9//11
f 12//12 14//12 16//12
f 10//7 12//7 11//7
f 12//8 16//8 15//8
f 16//9 14//9 13//9
f 14//10 10//10 9//10
f 11//11 15//11 13//11
f 12//12 10//12 14//12
o Cube.001
v -0.184115 0.527895 0.309422
v -0.184115 0.560293 0.317786
v -0.184115 0.619937 -0.047120
v -0.184115 0.652334 -0.038756
v 0.184115 0.527895 0.309422
v 0.184115 0.560293 0.317786
v 0.184115 0.619937 -0.047120
v 0.184115 0.652334 -0.038756
vn -1.0000 0.0000 0.0000
vn 0.0000 0.2500 -0.9683
vn 1.0000 0.0000 0.0000
vn 0.0000 -0.2500 0.9683
vn 0.0000 -0.9683 -0.2500
vn 0.0000 0.9683 0.2500
usemtl Light
s off
f 18//13 19//13 17//13
f 20//14 23//14 19//14
f 23//15 22//15 21//15
f 22//16 17//16 21//16
f 23//17 17//17 19//17
f 20//18 22//18 24//18
f 18//13 20//13 19//13
f 20//14 24//14 23//14
f 23//15 24//15 22//15
f 22//16 18//16 17//16
f 23//17 21//17 17//17
f 20//18 18//18 22//18
o Cube_Cube.003
v -0.558156 -0.614079 0.400924
v -0.558156 0.466799 0.679954
v -0.558156 -0.335049 -0.679954
v -0.558156 0.745828 -0.400924
v 0.558156 -0.614079 0.400924
v 0.558156 0.466799 0.679954
v 0.558156 -0.335049 -0.679954
v 0.558156 0.745828 -0.400924
vn -0.5773 0.4147 0.7033
vn 0.5773 -0.7033 0.4147
vn 0.5773 0.4147 0.7033
vn 0.7071 0.6847 0.1767
vn -0.7071 -0.6847 -0.1767
vn -0.5773 -0.7033 0.4147
vn -0.7071 0.6847 0.1767
vn 0.7071 -0.6847 -0.1767
usemtl White
s 1
f 31//19 28//20 27//21
f 25//22 31//19 27//21
f 30//23 28//20 32//24
f 31//19 32//24 28//20
f 25//22 29//25 31//19
f 30//23 26//26 28//20
usemtl Green
f 27//21 26//26 25//22
f 27//21 28//20 26//26
usemtl Red
f 29//25 32//24 31//19
f 29//25 30//23 32//24
